oc_im003_01.jpg,292,633,852,1490
oc_im004_01.jpg,314,727,824,1462
oc_im005_02.jpg,369,726,655,1018
oc_im006_02.jpg,385,743,627,990
oc_im007_02.jpg,347,561,836,1304
oc_im008_02.jpg,269,875,848,1314
oc_im009_03.jpg,419,683,713,1160
oc_im010_03.jpg,319,490,847,1315
oc_im011_03.jpg,457,903,627,1017
oc_im012_03.jpg,446,897,616,1012
oc_im013_04.jpg,430,709,742,1123
oc_im014_04.jpg,396,765,726,1204
oc_im015_04.jpg,347,402,847,1380
oc_im016_04.jpg,325,583,819,1397
oc_im017_05.jpg,419,742,693,1112
oc_im018_05.jpg,418,682,644,1018
oc_im019_05.jpg,463,693,660,1029
oc_im020_05.jpg,385,578,732,1215
oc_im021_06.jpg,352,606,699,956
oc_im022_06.jpg,292,798,715,968
oc_im023_06.jpg,298,891,725,1023
oc_im024_06.jpg,336,952,732,1017
oc_im025_07.jpg,463,754,637,874
oc_im026_07.jpg,463,777,637,857
oc_im027_07.jpg,402,480,786,1099
oc_im028_07.jpg,408,595,780,1066
oc_im029_08.jpg,341,484,754,1194
oc_im030_08.jpg,402,589,797,1270
oc_im031_08.jpg,325,732,775,1226
oc_im032_08.jpg,281,722,786,1291
oc_im033_09.jpg,456,622,787,1325
oc_im034_09.jpg,254,381,879,1539
oc_im035_09.jpg,286,589,898,1468
oc_im036_09.jpg,258,627,842,1359
oc_im037_10.jpg,446,814,644,1073
oc_im038_10.jpg,385,666,803,1298
oc_im039_10.jpg,330,616,869,1458
oc_im040_10.jpg,369,583,858,1370
oc_im041_11.jpg,319,749,759,1149
oc_im042_11.jpg,347,716,946,1567
oc_im043_11.jpg,336,655,935,1540
oc_im044_11.jpg,385,534,919,1496
oc_im045_12.jpg,419,550,830,1342
oc_im046_12.jpg,264,550,831,1315
oc_im047_12.jpg,374,589,831,1331
oc_im048_12.jpg,364,661,819,1314
oc_im049_13.jpg,418,633,710,1105
oc_im050_13.jpg,330,517,770,1194
oc_im051_13.jpg,243,649,747,1199
oc_im052_13.jpg,215,826,758,1165
oc_im053_15.jpg,446,974,743,869
oc_im054_15.jpg,335,704,848,1051
oc_im055_15.jpg,408,765,857,1045
oc_im056_15.jpg,370,881,869,1055
dp_im001_01.jpg,392,344,1928,3616
dp_im002_01.jpg,480,312,1944,3512
dp_im003_01.jpg,504,528,1816,3240
dp_im004_01.jpg,592,784,1688,2888
dp_im005_02.jpg,592,960,1576,2616
dp_im006_02.jpg,848,1416,1336,2208
dp_im007_02.jpg,880,1424,1312,2136
dp_im008_02.jpg,840,392,1376,2248
dp_im009_03.jpg,920,1312,1288,2184
dp_im010_03.jpg,984,1680,1008,1616
dp_im011_03.jpg,1032,1544,968,1584
dp_im012_03.jpg,952,1216,1168,1976
dp_im013_04.jpg,848,1248,1296,2200
dp_im014_04.jpg,1096,1360,944,1504
dp_im015_04.jpg,1064,1408,936,1512
dp_im016_04.jpg,440,344,2016,3464
dp_im017_05.jpg,992,1296,1104,1872
dp_im018_05.jpg,856,976,1384,2432
dp_im019_05.jpg,1056,1256,1056,1768
dp_im020_05.jpg,720,632,1568,2824
dp_im021_06.jpg,1016,1520,1136,1648
dp_im022_06.jpg,920,1232,1312,1896
dp_im023_06.jpg,632,912,1760,2680
dp_im024_06.jpg,656,1072,1728,2584
dp_im025_07.jpg,808,984,1440,2048
dp_im026_07.jpg,1016,1560,1104,1552
dp_im027_07.jpg,616,824,1824,2720
dp_im028_07.jpg,712,1128,1712,2528
dp_im029_08.jpg,992,1576,1128,1832
dp_im030_08.jpg,1080,1576,976,1576
dp_im031_08.jpg,800,1152,1432,2344
dp_im032_08.jpg,872,1576,1376,2288
dp_im033_09.jpg,920,1560,1296,2104
dp_im034_09.jpg,720,1296,1584,2688
dp_im035_09.jpg,728,1264,1552,2632
dp_im036_09.jpg,960,1392,1216,2016
dp_im037_10.jpg,896,1328,1352,2320
dp_im038_10.jpg,784,1104,1552,2640
dp_im039_10.jpg,1040,1432,1056,1712
dp_im040_10.jpg,1032,1408,1056,1744
dp_im041_11.jpg,680,824,1592,2736
dp_im042_11.jpg,872,1080,1296,2112
dp_im043_11.jpg,984,1320,1120,1784
dp_im044_11.jpg,760,1104,1552,2632
dp_im045_12.jpg,744,1112,1488,2400
dp_im046_12.jpg,720,960,1544,2640
dp_im047_12.jpg,880,1112,1256,2032
dp_im048_12.jpg,872,1008,1288,2096
dp_im049_13.jpg,592,808,1840,3144
dp_im050_13.jpg,880,1000,1248,2056
dp_im051_13.jpg,808,1064,1264,2088
dp_im052_13.jpg,1008,1368,984,1576
dp_im053_14.jpg,424,600,1968,3024
dp_im054_14.jpg,1008,1144,1176,1744
dp_im055_14.jpg,560,624,1816,2776
dp_im056_14.jpg,616,272,2056,3216
dp_im057_15.jpg,840,1448,1472,1816
dp_im058_15.jpg,1040,1528,1056,1248
dp_im059_15.jpg,672,928,1848,2432
dp_im060_15.jpg,984,1336,1064,1256
jn_img001_01.jpg,304,60,1680,3204
jn_img002_01.jpg,432,67,1619,3035
jn_img003_01.jpg,540,153,1604,3089
jn_img004_02.jpg,540,554,1531,2528
jn_img005_02.jpg,576,604,1442,2389
jn_img006_02.jpg,482,548,1486,2528
jn_img007_03.jpg,154,220,713,1299
jn_img008_03.jpg,1074,1558,735,1291
jn_img009_03.jpg,814,1679,855,1436
jn_img010_04.jpg,471,238,1641,2722
jn_img011_04.jpg,459,731,1415,2439
jn_img012_04.jpg,576,653,1403,2501
jn_img013_05.jpg,404,382,1514,2677
jn_img014_05.jpg,349,227,1513,2683
jn_img015_05.jpg,526,338,1492,2738
jn_img016_06.jpg,443,565,1514,2251	
jn_img017_06.jpg,426,360,1636,2467
jn_img018_06.jpg,437,471,1597,2378
jn_img019_07.jpg,437,653,1492,2323
jn_img020_07.jpg,465,748,1486,2311
jn_img021_07.jpg,432,797,1536,2373
jn_img021_07.jpg,426,809,1525,2339
jn_img022_08.jpg,620,459,1315,2279
jn_img023_08.jpg,543,487,1292,2279
jn_img024_08.jpg,487,681,1259,2190
jn_img025_09.jpg,615,482,1464,2577
jn_img026_09.jpg,471,448,1502,2656
jn_img027_09.jpg,515,393,1519,2788
jn_img028_10.jpg,342,532,471,783
jn_img029_10.jpg,195,505,550,897
jn_img030_10.jpg,312,529,517,876
jn_img031_11.jpg,465,338,1658,2915
jn_img032_11.jpg,454,254,1658,2938
jn_img033_11.jpg,448,171,1664,2833
jn_img034_12.jpg,626,504,1541,2616
jn_img035_12.jpg,493,277,1597,2766
jn_img036_12.jpg,465,282,1614,2800
jn_img037_13.jpg,515,520,1408,2273
jn_img038_13.jpg,537,598,1353,2268
jn_img039_13.jpg,515,670,1408,2317
jn_img040_14.jpg,587,581,1270,2107
jn_img041_14.jpg,687,592,1264,2085
jn_img042_14.jpg,714,1036,1027,1680
jn_img043_15.jpg,515,770,1497,1918
jn_img044_15.jpg,537,797,1486,1902
jn_img045_15.jpg,548,748,1525,1924
le_im025_16.jpg,870,1578,1158,1536
nl_im001_01.jpg, 664, 800, 784, 1340
nl_im002_01.jpg, 650, 820, 750, 1300
nl_im003_01.jpg, 655, 848, 724, 1280
nl_im004_01.jpg, 664, 860, 712, 1272
nl_im005_01.jpg, 644, 908, 688, 1192
nl_im006_01.jpg, 668, 1000, 684, 1192
nl_im007_02.jpg, 780, 1184, 664, 1056
nl_im008_02.jpg, 740, 1208, 668, 1068
nl_im009_02.jpg, 732, 1124, 632, 996
nl_im010_02.jpg, 480, 292, 1164, 1888
nl_im011_02.jpg, 660, 992, 728, 1140
nl_im012_02.jpg, 728, 1088, 708, 1092
nl_im013_02.jpg, 772, 1100, 688, 1068
nl_im014_02.jpg, 412, 120, 1188, 1968
nl_im015_08.jpg, 292, 420, 1080, 1796
nl_im016_08.jpg, 260, 484, 1016, 1592
nl_im017_08.jpg, 280, 280, 960, 1628
nl_im018_08.jpg, 876, 736, 980, 1636
nl_im019_08.jpg, 248, 904, 812, 1512
nl_im020_08.jpg, 536, 424, 824, 1432
nl_im021_08.jpg, 324, 536, 1116, 1724
nl_im022_08.jpg, 492, 620, 940, 1652
nl_im023_08.jpg, 564, 692, 1024, 1680
nl_im024_08.jpg, 376, 432, 908, 1472
nl_im025_08.jpg, 824, 872, 880, 1524
nl_im026_11.jpg, 628, 1016, 760, 1152
nl_im027_11.jpg, 384, 648, 884, 1344
nl_im028_11.jpg, 932, 640, 940, 1468
nl_im029_11.jpg, 416, 776, 972, 1560
nl_im030_11.jpg, 496, 224, 976, 1556
nl_im031_11.jpg, 444, 696, 948, 1520
nl_im032_11.jpg, 652, 520, 964, 1528
nl_im033_11.jpg, 404, 400, 960, 1560
nl_im034_11.jpg, 376, 700, 1052, 1680
nl_im035_02.jpg, 776, 1136, 656, 1068
nl_im036_12.jpg, 312, 424, 1200,1908
nl_im037_12.jpg, 440, 573, 996, 1616
nl_im038_12.jpg, 124, 560, 1132, 1804
nl_im039_12.jpg, 448, 376, 1120, 1872
nl_im040_12.jpg, 172, 80, 1268, 2004
nl_im041_12.jpg, 556, 376, 1232, 2020
nl_im042_12.jpg, 332, 472, 1020, 1644
nl_im043_12.jpg, 912, 948, 880, 1646
nl_im044_12.jpg, 308, 788, 1050, 1623
nl_im045_02.jpg, 432, 636, 888, 1344
nl_im046_02.jpg, 496, 472, 912, 1444
nl_im047_02.jpg, 364, 660, 880, 1244
nl_im048_02.jpg, 432, 792, 836, 1176
nl_im049_02.jpg, 264, 768, 888, 1428
nl_im051_02.jpg, 292, 732, 908, 1352
nl_im052_02.jpg, 420, 136, 952, 1484
nl_im053_02.jpg, 848, 920, 932, 1420
nl_im054_02.jpg, 200, 204, 1052, 1688
nl_im055_04.jpg, 296, 80, 1264, 2376
nl_im056_04.jpg, 92, 176, 1220, 2364
nl_im057_04.jpg, 688, 8, 1092, 1988
nl_im058_04.jpg, 292, 288, 1108, 2100
nl_im059_04.jpg, 268, 72, 1104, 2076
nl_im060_15.jpg, 548, 924, 872, 1124
nl_im061_15.jpg, 156, 1224, 960, 1232
nl_im062_15.jpg, 684, 436, 940, 1288
nl_im063_15.jpg, 640, 1288, 876, 1160
nl_im064_15.jpg, 452, 496, 844, 1108
nl_im065_14.jpg, 656, 924, 744, 1148
nl_im066_14.jpg, 288, 300, 928, 1444
nl_im067_14.jpg, 908, 916, 940, 1428
nl_im068_14.jpg, 392, 576, 832, 1276